247 265
245 261
247 264
246 264
245 261
247 267
244 269
246 263
245 265
245 267
245 263
246 263
242 272
248 266
241 267
246 261
249 261
246 266
243 266
242 264
248 264
249 266
245 264
246 264
244 266
248 264
246 268
244 266
247 266
246 266
249 266
245 266
244 260
244 261
247 264
246 267
243 264
244 259
244 266
243 261
247 266
246 264
248 261
250 266
247 267
246 263
247 267
246 262
246 266
244 264
245 264
249 262
248 267
246 267
245 263
243 261
248 269
247 263
246 264
247 262
250 264
242 272
244 267
244 265
246 265
250 263
248 264
248 267
245 265
246 265
244 266
246 265
248 263
246 266
246 267
245 266
244 262
247 264
250 264
246 262
240 259
244 260
245 262
245 269
242 263
246 266
247 263
244 259
245 266
248 265
243 265
245 263
245 269
246 262
246 263
248 262
244 266
245 263
246 260
247 265
245 267
248 265
246 268
244 263
249 266
243 269
242 273
245 266
245 264
247 263
246 266
244 264
245 259
240 265
247 267
247 267
244 263
244 263
248 267
245 265
243 264
243 265
244 264
245 268
243 264
245 264
246 266
246 264
248 262
243 266
239 261
245 266
243 265
250 262
243 264
248 266
247 264
243 264
245 261
242 265
246 263
244 269
244 265
247 263
241 269
247 265
246 263
247 265
245 264
249 266
245 266
243 262
243 264
246 263
246 269
244 266
244 265
245 261
244 270
244 268
244 260
246 262
245 267
245 265
240 268
243 263
247 263
247 265
244 266
244 259
249 263
249 265
244 263
245 268
247 266
247 264
247 264
243 263
243 267
247 265
247 263
244 263
239 264
237 261
243 267
239 267
248 265
243 259
244 267
247 264
244 263
245 259
242 259
249 261
245 263
245 253
246 252
237 268
241 272
240 268
241 266
245 267
245 267
248 265
241 271
244 264
247 263
244 268
247 264
247 262
245 265
249 265
249 266
246 271
245 261
250 263
245 264
244 268
248 265
247 263
246 267
249 265
249 263
246 262
248 266
244 269
244 264
245 263
249 259
245 266
240 266
247 265
249 259
243 266
245 263
240 266
242 268
248 263
248 263
245 265
243 270
247 262
246 267
247 265
244 265
248 262
248 263
248 266
246 266
245 267
250 262
248 266
247 269
245 269
247 263
247 259
245 264
246 263
240 266
246 263
246 263
243 262
245 263
245 263
243 261
246 266
243 264
245 259
246 262
246 265
245 263
245 263
245 262
249 268
244 263
243 261
247 259
245 262
245 263
245 268
243 262
245 261
246 264
236 266
247 265
246 262
248 263
241 264
238 271
246 262
247 266
247 263
240 270
241 262
248 263
247 265
241 265
242 270
244 261
246 263
243 265
244 267
247 261
242 261
248 264
245 267
241 265
240 263
247 265
242 265
241 270
245 265
244 261
245 266
241 270
244 265
246 262
242 266
245 268
247 266
245 266
245 263
246 264
244 269
245 261
246 264
245 262
245 267
241 271
242 265
243 262
247 263
243 266
244 261
246 263
242 263
245 264
243 263
245 262
244 262
244 263
243 266
243 263
243 263
241 267
245 268
247 262
246 265
247 266
247 267
247 265
247 264
244 262
247 262
246 263
242 259
243 265
245 263
243 267
243 263
246 262
245 264
249 268
244 267
243 262
245 262
246 264
244 268
244 264
242 263
245 263
241 267
241 260
244 265
244 267
246 262
244 263
243 271
247 257
247 263
248 266
245 264
242 259
243 264
246 263
242 264
240 263
246 258
242 262
243 268
244 266
243 266
243 262
247 263
243 264
242 263
241 263
244 262
249 262
242 264
241 263
246 262
245 264
240 268
241 265
242 266
245 261
243 263
246 266
243 260
246 266
243 266
240 264
240 263
248 264
246 263
247 268
244 263
246 265
246 266
247 264
246 265
246 259
247 262
241 266
245 263
242 263
242 263
247 263
243 265
246 268
241 267
244 262
241 266
243 267
245 263
245 264
243 267
240 266
240 260
244 264
245 262
243 263
245 266
242 266
243 262
249 262
246 265
242 268
243 264
246 259
243 264
243 262
240 263
247 259
242 263
244 264
244 267
243 268
246 262
245 265
245 267
240 268
247 263
246 263
245 271
242 269
240 264
242 260
247 261
246 263
243 267
246 258
247 262
247 266
240 264
242 260
242 264
246 263
245 266
248 263
245 262
245 263
245 264
245 265
247 257
247 262
245 264
241 271
243 261
243 263
246 264
244 267
241 263
242 264
242 263
243 259
241 265
246 266
240 264
245 263
244 266
243 263
243 262
243 262
247 265
241 265
246 265
244 259
246 265
247 265
245 266
247 259
243 266
248 262
245 270
246 265
247 264
247 263
248 266
245 269
247 266
247 262
248 263
244 266
247 264
245 262
247 265
248 264
245 266
245 263
244 266
247 264
248 265
248 264
247 260
248 265
245 268
244 263
242 269
247 261
244 264
242 266
242 263
244 259
247 264
241 267
242 268
244 260
244 261
244 268
243 264
242 262
242 261
243 263
243 271
242 265
242 269
248 259
245 264
243 268
242 265
245 265
247 263
244 264
243 261
241 263
247 265
245 268
240 272
245 266
245 263
245 264
243 267
243 266
247 264
246 266
243 267
241 269
240 262
240 264
244 267
241 263
243 268
243 263
246 261
244 267
243 268
244 262
244 263
245 264
247 264
241 265
243 268
246 264
241 264
249 265
242 266
243 265
245 266
248 263
244 266
241 264
243 265
244 264
242 266
241 262
245 264
244 260
246 267
246 262
244 262
244 261
243 268
244 268
241 262
244 262
245 261
240 267
243 270
244 264
244 264
241 264
242 265
240 265
246 263
246 264
243 265
244 263
245 265
247 263
244 263
240 262
246 263
246 261
247 264
242 264
242 265
245 263
245 264
246 268
242 264
243 265
245 261
243 262
243 268
241 265
243 262
246 264
243 265
243 267
243 265
244 261
244 265
244 268
245 268
241 261
246 263
243 267
240 266
243 264
246 261
243 266
242 266
246 263
242 260
244 261
246 265
244 264
241 265
242 266
245 264
249 263
246 271
247 260
243 265
242 268
243 267
241 263
243 262
244 264
242 265
240 265
241 262
246 260
245 263
246 269
245 265
244 263
241 267
244 264
245 263
244 261
246 264
247 262
243 264
246 265
243 266
246 260
245 266
236 266
244 266
243 265
243 263
244 266
244 263
247 262
243 261
244 265
244 264
242 266
245 264
244 263
246 263
239 265
247 259
246 266
243 264
243 267
245 263
246 263
244 266
241 263
243 266
245 262
244 262
242 269
245 257
241 265
244 261
244 264
238 262
239 264
247 260
247 262
245 265
244 270
245 262
245 265
241 261
242 264
238 263
244 262
245 264
239 269
244 265
242 260
248 258
245 265
242 267
241 261
247 263
244 268
242 269
242 265
241 261
243 262
245 264
241 270
242 264
246 257
243 270
243 265
239 259
246 259
242 265
243 268
241 267
242 264
244 261
243 263
241 268
243 266
244 260
243 270
243 266
244 264
245 263
246 262
242 266
241 269
243 262
243 262
244 266
246 265
243 259
246 260
247 261
244 270
238 264
247 258
246 261
242 263
236 263
243 263
244 262
245 264
246 263
243 266
238 268
243 266
246 264
242 264
241 268
244 263
241 264
240 265
243 265
244 263
245 261
243 260
240 265
242 264
240 262
244 261
245 264
240 271
239 266
242 261
246 267
243 268
244 266
242 262
246 262
243 264
239 267
242 262
246 263
243 266
242 266
243 265
245 262
246 264
242 266
241 269
241 265
244 262
242 265
241 268
243 263
244 262
243 262
246 267
235 276
241 260
242 262
245 262
243 270
243 268
244 263
243 268
242 267
242 263
240 266
243 268
244 264
242 266
245 263
244 264
245 265
245 263
243 267
243 266
242 267
244 265
243 263
240 264
245 262
247 262
239 266
242 260
244 262
241 263
240 268
240 266
244 263
247 257
244 265
243 267
242 265
235 254
244 267
239 270
241 263
244 261
245 258
245 260
241 264
242 265
246 264
245 266
244 264
240 260
245 261
247 260
244 266
241 265
241 263
242 261
244 262
245 264
239 266
243 262
242 257
242 265
242 263
245 267
244 263
248 266
241 268
248 263
242 261
247 261
240 268
244 265
243 260
246 261
247 264
244 267
244 265
243 262
246 263
239 267
240 271
245 262
246 264
245 266
245 269
243 262
244 263
246 262
239 265
246 265
242 263
245 259
243 271
247 266
238 266
244 261
244 266
244 265
243 263
241 267
245 263
243 266
245 265
246 263
245 262
245 264
246 270
245 264
243 264
243 264
244 267
244 267
244 262
246 262
245 260
239 266
241 267
245 256
243 262
245 264
241 268
241 263
242 267
244 268
245 267
243 264
244 267
247 260
244 263
242 264
245 265
248 256
245 264
240 267
243 266
247 260
246 264
244 264
244 261
241 268
243 261
242 266
242 265
246 257
245 261
243 262
246 265
244 264
245 262
240 264
247 268
243 264
243 264
244 262
247 259
241 268
241 265
238 258
244 263
241 266
241 267
242 258
244 260
245 264
240 267
242 264
241 264
246 264
244 267
239 270
244 267
242 263
246 262
244 266
241 264
244 260
243 265
244 270
242 266
243 267
245 261
244 263
246 265
244 265
243 262
246 263
243 269
241 262
242 263
244 264
244 266
244 266
242 268
245 263
245 261
247 266
243 269
242 269
246 262
245 268
243 269
243 263
240 264
244 264
245 266
243 262
244 264
242 262
247 264
244 266
243 264
247 261
245 265
243 265
242 266
243 262
245 262
243 262
243 268
246 261
244 261
246 263
245 262
240 270
247 263
241 263
244 264
245 263
245 263
243 260
246 263
241 264
246 265
240 266
246 257
243 263
244 266
247 257
242 262
243 268
242 267
243 269
247 259
248 263
243 261
245 267
246 263
247 263
248 264
244 268
243 265
241 258
245 263
244 259
245 265
246 264
245 264
245 265
246 268
243 269
243 257
244 260
245 268
243 267
239 261
243 264
244 266
242 269
240 264
243 266
247 263
244 270
241 264
243 267
244 264
246 261
243 266
241 261
243 260
243 264
244 265
243 268
244 261
240 263
246 265
241 267
241 267
242 261
242 265
242 265
243 266
242 261
243 265
243 261
239 270
250 261
244 264
246 262
247 264
244 267
241 263
244 259
246 262
242 261
245 265
241 265
242 266
247 262
245 266
242 264
246 261
244 266
246 266
241 263
244 262
242 261
247 264
249 267
246 265
245 262
242 265
244 262
246 269
243 263
244 265
247 264
245 262
243 264
243 260
247 259
244 264
243 267
242 265
239 261
244 261
238 264
241 264
248 261
240 262
243 262
244 265
243 261
242 264
242 263
243 264
241 263
246 263
248 260
243 267
244 262
241 261
247 264
243 267
243 265
243 261
244 263
243 264
245 265
243 265
245 266
243 261
244 268
245 265
243 265
243 271
242 262
243 262
239 267
244 264
244 266
241 269
242 269
246 266
245 264
245 260
243 266
243 263
242 263
248 263
245 264
245 263
248 262
245 265
246 260
246 267
242 262
245 260
245 265
247 267
244 265
244 263
245 262
247 264
244 274
242 269
244 266
244 262
245 258
243 264
245 261
246 264
248 266
245 267
241 260
246 263
247 259
244 266
245 264
244 266
242 257
235 265
236 272
240 257
243 256
242 263
242 261
242 260
243 259
245 262
242 267
244 261
243 263
241 264
244 266
243 266
241 265
244 264
244 265
244 265
245 265
241 263
245 260
243 267
244 263
247 262
242 262
247 258
244 271
246 268
242 260
247 263
247 268
243 270
245 261
245 265
245 263
242 267
243 267
242 266
245 262
245 268
245 263
243 264
246 257
245 265
245 263
246 265
243 267
247 264
248 262
244 269
242 265
244 261
245 267
245 268
245 263
242 265
248 263
244 266
247 263
243 263
247 259
248 262
245 266
242 266
242 266
247 264
248 264
244 264
245 262
245 264
248 267
243 264
246 265
247 263
246 266
245 261
243 265
244 263
250 262
243 265
245 269
244 265
247 258
245 261
246 265
245 268
246 265
246 260
244 265
243 267
244 262
245 261
246 266
243 269
245 264
246 263
248 263
246 265
245 264
244 263
246 260
245 264
247 264
246 263
249 262
245 264
245 268
246 268
243 263
249 265
248 260
243 267
245 264
241 264
248 264
246 266
243 266
244 263
244 263
246 267
241 270
242 261
244 259
247 264
243 266
242 267
241 271
247 262
245 265
245 262
245 263
244 259
248 260
245 267
242 269
245 260
246 265
246 263
249 267
242 261
247 264
246 264
246 265
244 265
247 262
249 266
245 265
247 264
244 264
245 264
244 266
246 268
244 263
244 261
247 264
247 266
244 272
244 265
248 264
247 265
246 269
245 266
245 264
243 261
247 262
245 266
247 261
248 261
244 265
243 266
245 262
244 263
248 264
244 267
247 267
242 267
246 260
248 263
242 270
244 262
245 261
246 264
243 267
244 267
246 262
244 265
244 267
246 264
246 264
243 262
245 268
244 263
242 263
244 262
248 267
245 265
243 269
246 261
247 264
247 266
246 267
245 266
245 264
243 266
246 268
246 264
244 263
241 263
246 266
246 265
244 267
244 266
246 265
251 262
245 267
245 265
250 259
247 263
238 264
245 262
245 263
246 263
245 268
245 261
243 265
248 261
247 262
242 265
245 265
244 265
244 263
243 266
245 266
244 265
247 264
249 262
245 265
245 262
247 263
246 265
245 275
242 263
243 260
247 264
247 266
245 265
247 263
246 264
242 264
244 264
243 261
242 268
247 260
244 264
241 267
244 263
240 271
245 266
246 261
243 265
246 257
243 261
246 265
241 267
243 263
246 260
245 263
242 267
246 260
249 263
245 261
241 267
245 265
247 263
245 261
243 262
241 267
244 263
244 264
245 268
245 260
242 263
246 262
244 266
242 270
242 264
245 263
245 264
247 261
246 267
245 262
247 265
244 272
247 267
244 262
244 260
245 264
243 267
238 267
247 265
245 260
246 265
246 268
248 263
241 267
244 263
